-160,88,-704
-106,80,-549
-43,110,-734
72,127,-1072
153,179,-1271
231,113,-1138
268,48,-1099
292,101,-1260
376,145,-1288
425,67,-1112
470,54,-1091
499,99,-1152
534,94,-1108
568,59,-1023
605,31,-1023
666,74,-987
699,64,-925
699,27,-904
711,26,-848
740,32,-796
771,32,-712
807,13,-724
828,-4,-714
841,-8,-637
860,-8,-600
884,0,-608
900,12,-605
908,9,-573
916,4,-504
917,18,-449
918,19,-469
928,-6,-455
928,-10,-411
939,-5,-368
968,-34,-371
982,-62,-359
976,-35,-385
974,-35,-368
964,-68,-348
954,-80,-290
962,-80,-304
969,-80,-343
976,-77,-381
976,-65,-396
975,-73,-341
968,-79,-422
966,-73,-342
945,-80,-398
952,-80,-374
960,-80,-345
952,-88,-391
960,-80,-249
937,-57,-264
936,-64,-287
943,-49,-266
929,-55,-191
928,-70,-263
942,-58,-335
971,-42,-296
976,-13,-188
956,-28,-331
920,-57,-387
918,-58,-448
962,-32,-530
1023,29,-470
1006,31,-297
897,-43,-479
829,-83,-530
853,-46,-541
923,17,-560
972,45,-624
955,24,-616
885,-6,-616
821,-16,-662
796,1,-667
804,33,-689
812,52,-728
796,52,-767
769,55,-807
734,68,-798
688,79,-783
630,91,-773
574,93,-753
535,85,-791
509,85,-807
470,96,-773
417,96,-802
375,96,-817
346,96,-834
320,98,-804
289,100,-790
264,86,-857
261,81,-839
243,89,-871
211,97,-865
180,104,-875
149,103,-896
128,98,-897
126,118,-907
102,97,-944
64,113,-936
56,144,-952
8,112,-976
8,112,-976
-39,112,-937
-63,104,-921
-57,97,-935
-49,81,-994
-62,101,-964
-92,104,-974
-103,97,-962
-124,103,-973
-148,111,-983
-158,112,-984
-191,106,-941
-224,98,-886
-256,108,-884
-287,118,-911
-302,126,-842
-320,128,-830
-339,123,-872
-364,135,-842
-386,134,-841
-402,118,-899
-427,117,-845
-444,116,-784
-457,99,-762
-476,92,-748
-488,96,-768
-496,88,-780
-511,80,-787
-531,87,-779
-551,86,-739
-570,69,-733
-587,61,-761
-598,53,-756
-611,53,-706
-621,54,-672
-637,30,-663
-653,24,-696
-670,24,-715
-690,18,-646
-696,7,-621
-701,27,-635
-720,9,-610
-723,16,-581
-738,16,-566
-752,15,-553
-752,5,-560
-753,-25,-561
-769,-40,-566
-785,-38,-534
-809,-7,-487
-832,40,-456
-840,56,-416
-848,64,-408
-856,87,-355
-871,140,-345
-872,166,-300
-872,161,-310
-879,174,-319
-887,176,-334
-888,196,-336
-888,220,-316
-901,262,-287
-904,253,-305
-892,224,-324
-900,222,-275
-904,247,-233
-910,284,-179
-917,307,-149
-909,296,-139
-909,278,-146
-917,282,-83
-934,302,-16
-944,340,5
-944,360,-19
-940,351,-49
-928,340,-35
-924,340,-8
-936,348,31
-940,348,68
-932,351,58
-931,347,30
-939,312,16
-947,288,56
-955,308,149
-960,341,175
-957,328,133
-952,310,163
-952,306,208
-954,304,214
-958,282,246
-950,292,284
-937,306,279
-916,309,303
-937,292,301
-942,274,337
-928,289,387
-929,291,350
-936,248,335
-936,248,319
-936,248,313
-944,248,327
-952,232,288
-952,240,288
-952,240,288
-960,216,272
-960,232,241
-952,224,279
-937,232,280
-936,240,204
-951,255,222
-937,249,217
-936,255,238
-929,270,247
-935,308,255
-943,213,199
-951,207,227
-966,187,232
-968,198,239
-975,234,233
-989,160,205
-992,157,207
-985,212,234
-978,276,195
-963,307,197
-973,274,225
-976,252,213
-970,242,165
-968,252,116
-962,292,158
-966,322,194
-974,311,159
-976,270,98
-982,239,69
-978,243,75
-976,259,58
-976,275,53
-965,275,35
-976,235,-2
-979,211,-6
-971,218,-10
-973,234,-16
-971,250,-16
-968,246,-60
-958,235,-78
-957,227,-81
-955,219,-83
-966,216,-116
-967,212,-131
-960,212,-138
-960,207,-152
-964,196,-152
-968,180,-152
-964,164,-160
-960,160,-196
-960,152,-220
-964,129,-224
-972,108,-221
-972,108,-204
-964,123,-207
-960,136,-216
-960,126,-230
-960,102,-251
-960,81,-269
-960,69,-282
-960,67,-266
-960,72,-253
-960,72,-251
-957,66,-268
-944,53,-291
-933,45,-293
-947,37,-277
-952,45,-253
-954,70,-260
-955,47,-295
-946,-8,-289
-954,-34,-218
-960,-2,-180
-956,-33,-181
-944,-136,-242
-940,-248,-330
-930,-287,-351
-938,-238,-318
-944,-169,-314
-942,-146,-314
-938,-152,-288
-944,-151,-285
-944,-145,-276
-944,-152,-289
-944,-152,-254
-944,-153,-242
-944,-162,-259
-946,-175,-277
-959,-167,-257
-952,-159,-262
-951,-151,-241
-944,-143,-250
-944,-135,-272
-944,-128,-275
-944,-128,-310
-952,-120,-280
-952,-128,-279
-952,-120,-263
-952,-112,-232
-952,-120,-224
-952,-120,-232
-968,-112,-216
-960,-112,-239
-953,-112,-218
-952,-127,-201
-952,-128,-193
-952,-128,-255
-952,-114,-298
-952,-125,-271
-959,-128,-166
-947,-122,-157
-932,-132,-160
-922,-136,-142
-920,-154,-54
-897,-166,-7
-871,-201,28
-826,-178,-74
-792,-113,-139
-774,-83,-88
-753,-55,-254
-739,-30,-481
-731,-15,-510
-724,-21,-413
-690,-23,-442
-647,5,-579
-652,24,-620
-672,12,-485
-646,-15,-371
-556,-21,-578
-463,39,-784
-453,94,-603
-451,56,-459
-358,25,-661
-212,111,-907
-133,240,-817
-127,207,-574
-79,157,-577
-14,122,-701
133,122,-856
242,174,-828
327,163,-937
426,148,-1080
484,164,-1005
557,135,-960
648,82,-795
768,96,-916
834,92,-816
864,54,-804
981,30,-649
1074,0,-666
1136,8,-727
1160,32,-633
1176,1,-616
1161,-15,-578
1123,-16,-546
1098,-9,-515
1075,-65,-469
1051,-58,-408
1041,-22,-502
1040,-43,-480
1027,-61,-452
1024,-51,-467
1018,-60,-466
1010,-64,-470
990,-52,-443
973,-48,-346
951,-65,-368
966,-83,-392
987,-72,-339
987,-84,-332
989,-96,-319
1011,-77,-390
1010,-64,-332
982,-68,-257
964,-72,-320
968,-51,-385
976,-12,-236
949,-34,-210
920,-69,-364
941,-31,-428
981,3,-457
977,2,-331
910,-26,-332
853,-47,-480
864,-16,-458
899,16,-457
902,18,-542
889,22,-541
851,16,-548
778,16,-524
736,14,-511
746,8,-584
784,9,-556
777,13,-583
740,2,-616
722,17,-627
737,22,-703
743,10,-696
726,32,-699
703,33,-743
679,57,-719
640,88,-688
600,64,-728
600,64,-728
584,72,-767
576,80,-730
554,87,-758
537,88,-760
529,81,-767
535,87,-817
536,95,-810
523,96,-768
500,76,-832
490,85,-816
488,82,-833
476,86,-858
460,88,-852
427,88,-831
405,82,-835
389,80,-851
379,80,-835
361,75,-819
352,72,-841
352,82,-866
347,83,-858
340,76,-857
327,81,-860
312,88,-852
304,92,-880
300,100,-900
292,100,-903
288,100,-906
278,101,-878
261,86,-874
259,84,-894
255,107,-907
240,107,-915
232,99,-936
216,109,-970
209,122,-981
192,132,-992
190,148,-984
180,160,-962
161,158,-968
137,153,-969
143,160,-976
135,158,-975
126,145,-972
110,154,-1000
94,169,-999
71,175,-990
54,160,-958
8,152,-912
0,136,-920
0,144,-968
8,144,-968
-7,144,-884
-30,151,-969
-39,167,-903
-69,154,-896
-93,145,-938
-116,144,-951
-133,157,-939
-149,173,-936
-171,170,-942
-195,162,-950
-212,160,-892
-234,148,-913
-251,150,-917
-273,146,-929
-291,144,-876
-307,139,-837
-317,141,-852
-325,144,-869
-347,139,-848
-369,127,-846
-385,111,-860
-401,117,-864
-412,128,-852
-424,116,-844
-444,100,-856
-471,89,-842
-492,69,-798
-503,53,-783
-512,51,-792
-527,53,-789
-549,51,-778
-544,45,-760
-552,24,-741
-570,31,-741
-578,50,-736
-588,52,-692
-602,38,-696
-613,37,-739
-634,59,-717
-644,65,-711
-665,31,-728
-672,23,-644
-673,18,-630
-682,30,-675
-697,15,-700
-713,8,-656
-720,8,-654
-728,16,-608
-736,16,-592
-760,8,-592
-752,-8,-561
-760,-16,-560
-775,-9,-567
-783,7,-510
-784,-13,-533
-791,-37,-543
-785,-40,-517
-797,-47,-519
-807,-55,-507
-814,-62,-472
-822,-64,-495
-824,-58,-510
-824,-50,-536
-835,-59,-510
-840,-70,-485
-840,-61,-480
-835,-67,-443
-837,-82,-388
-845,-103,-398
-858,-112,-411
-883,-121,-399
-896,-119,-365
-900,-99,-318
-908,-67,-279
-916,-28,-260
-924,0,-237
-932,12,-223
-936,20,-243
-939,37,-266
-944,59,-290
-941,76,-313
-930,96,-331
-925,99,-322
-939,107,-301
-942,119,-317
-934,145,-328
-930,164,-324
-934,154,-300
-930,167,-255
-938,199,-219
-944,224,-201
-943,224,-211
-935,224,-218
-930,225,-185
-944,232,-191
-945,232,-183
-951,233,-167
-944,240,-151
-936,249,-135
-936,272,-96
-944,312,-80
-952,328,-72
-944,313,-110
-951,327,-60
-967,306,-49
-961,304,-27
-960,318,-3
-953,327,14
-945,328,16
-944,308,9
-957,304,27
-966,316,69
-962,320,92
-936,308,102
-934,321,110
-930,334,112
-933,331,139
-941,344,173
-949,337,164
-947,313,142
-939,304,155
-936,323,163
-936,340,133
-932,335,147
-936,303,172
-940,288,172
-940,296,207
-940,292,240
-936,292,247
-936,299,273
-933,307,302
-925,315,306
-923,323,302
-933,323,320
-939,315,339
-930,310,346
-934,283,347
-928,270,332
-928,260,330
-928,246,355
-930,238,336
-937,232,339
-943,231,349
-936,226,341
-936,241,368
-935,249,366
-929,255,351
-936,239,337
-936,224,345
-944,216,359
-944,232,328
-952,216,320
-921,239,336
-920,248,344
-913,278,292
-919,265,273
-920,271,279
-920,300,329
-913,318,322
-919,273,287
-927,251,339
-934,242,352
-955,240,321
-960,258,300
-966,270,249
-968,198,192
-974,179,159
-976,216,201
-965,285,271
-975,322,265
-974,303,179
-958,250,103
-947,233,99
-948,271,143
-956,326,185
-964,348,167
-964,324,100
-960,292,68
-964,276,76
-968,276,69
-968,283,53
-968,288,45
-971,282,28
-973,266,-1
-965,256,-11
-960,259,-5
-958,271,-16
-952,286,-18
-950,286,-20
-948,302,2
-962,305,28
-968,336,19
-967,337,28
-961,340,8
-967,320,8
-961,318,4
-968,304,-23
-969,303,-17
-976,295,-24
-976,288,-24
-968,288,-33
-960,280,-56
-968,264,-72
-968,272,-72
-960,280,-72
-953,280,-87
-952,280,-81
-952,266,-101
-952,243,-118
-959,226,-120
-960,231,-120
-960,252,-100
-960,262,-115
-954,252,-126
-958,242,-134
-960,234,-154
-960,238,-160
-954,234,-166
-957,221,-173
-960,211,-171
-960,208,-168
-965,213,-163
-968,221,-160
-963,210,-192
-960,182,-212
-964,177,-191
-968,196,-164
-964,196,-184
-952,142,-247
-944,70,-276
-948,68,-261
-959,124,-248
-965,152,-254
-960,112,-292
-963,45,-301
-971,67,-226
-976,136,-192
-971,136,-203
-958,14,-307
-952,-116,-388
-950,-103,-271
-940,-24,-157
-931,-42,-220
-943,-115,-300
-937,-121,-309
-945,-87,-252
-952,-82,-232
-952,-98,-235
-951,-109,-257
-944,-81,-262
-944,-88,-238
-952,-80,-201
-944,-88,-240
-944,-88,-224
-944,-88,-224
-944,-80,-193
-936,-88,-207
-899,-103,-245
-889,-104,-197
-895,-90,-142
-903,-88,-129
-904,-102,-183
-877,-97,-259
-846,-63,-272
-827,-31,-247
-793,-49,-290
-796,-26,-274
-782,8,-364
-736,10,-417
-703,-3,-391
-669,-19,-365
-630,-8,-465
-601,5,-525
-572,-7,-518
-522,-2,-545
-454,8,-637
-406,39,-715
-383,90,-693
-351,79,-598
-264,64,-652
-146,115,-829
-55,156,-889
2,156,-833
68,165,-851
183,184,-995
288,193,-1066
351,191,-1030
411,174,-987
453,192,-1005
476,166,-1027
527,155,-973
603,159,-868
678,82,-870
760,71,-856
823,89,-886
848,51,-774
853,-5,-731
887,9,-736
932,13,-670
963,-11,-553
985,-34,-616
993,-57,-526
1008,-71,-494
1016,-48,-447
1008,-48,-408
1008,-72,-440
1024,-18,-440
1016,7,-349
1009,-74,-344
1001,-36,-278
1007,11,-301
994,-47,-283
999,-83,-314
1000,-61,-287
1000,-36,-280
1000,-45,-318
988,-91,-291
972,-104,-298
974,-92,-398
970,-94,-380
979,-96,-393
989,-85,-419
987,-80,-371
969,-90,-390
955,-71,-396
962,-37,-389
991,-24,-429
999,-28,-349
988,-62,-337
996,-63,-442
1036,-36,-372
1041,-55,-295
998,-87,-398
976,-71,-469
976,-33,-409
979,-30,-383
956,-37,-437
892,-35,-449
842,-40,-472
816,-37,-451
811,-25,-462
805,-10,-526
814,-14,-558
806,-6,-564
800,2,-602
795,10,-629
769,17,-705
728,24,-677
686,24,-705
671,25,-712
661,31,-721
636,23,-788
597,17,-761
560,32,-878
568,40,-831
552,32,-808
504,32,-808
488,40,-824
465,40,-824
449,47,-854
426,33,-849
424,32,-869
417,46,-844
402,41,-847
373,27,-881
348,24,-855
319,30,-867
306,38,-891
286,28,-902
262,12,-916
245,31,-926
240,40,-945
229,45,-974
213,43,-989
183,45,-992
158,73,-1017
152,93,-1013
129,87,-972
99,89,-956
71,87,-977
44,80,-959
24,88,-924
8,92,-912
-11,88,-893
-31,92,-884
-47,86,-895
-56,66,-891
-56,62,-896
-62,72,-962
-75,72,-1000
-88,75,-981
-114,87,-981
-145,102,-967
-176,90,-923
-208,70,-972
-234,66,-947
-245,74,-902
-267,76,-897
-283,56,-904
-298,58,-902
-309,74,-897
-291,87,-958
-318,80,-933
-376,81,-820
-378,88,-880
-416,96,-878
-424,80,-808
-432,72,-816
-455,56,-808
-471,48,-800
-479,63,-815
-502,64,-772
-511,64,-782
-533,71,-791
-550,65,-751
-559,71,-777
-586,59,-725
-605,43,-693
-620,34,-713
-630,32,-684
-638,32,-696
-646,26,-681
-642,30,-650
-651,27,-683
-672,24,-672
-690,14,-651
-701,8,-633
-709,8,-624
-721,8,-619
-732,8,-603
-736,12,-631
-753,20,-635
-764,20,-576
-760,16,-563
-764,5,-562
-772,-8,-557
-783,-1,-574
-792,8,-550
-798,5,-512
-814,0,-466
-824,3,-470
-827,8,-483
-834,-4,-449
-840,-27,-427
-844,-14,-414
-856,-8,-414
-858,-6,-421
-867,0,-381
-877,-1,-378
-867,-9,-424
-881,-15,-419
-890,-8,-392
-905,-11,-387
-913,-31,-343
-921,-24,-321
-928,-26,-231
-936,-56,-209
-928,-64,-240
-936,-80,-216
-936,-72,-232
-936,-64,-232
-936,-42,-225
-943,-47,-239
-937,-27,-254
-929,-24,-291
-928,-44,-255
-935,-35,-315
-936,-25,-354
-942,-18,-341
-950,-22,-317
-958,-30,-342
-966,-32,-323
-957,-43,-312
-946,-37,-301
-939,-27,-307
-936,-40,-301
-941,-43,-296
-949,-45,-276
-952,-38,-288
-947,-37,-309
-940,-36,-312
-940,-36,-299
-944,-40,-317
-948,-28,-328
-952,-12,-300
-952,-19,-288
-948,-39,-295
-941,-51,-311
-930,-50,-304
-923,-3,-280
-931,53,-289
-936,18,-304
-939,-50,-312
-942,-62,-316
-938,-17,-279
-944,42,-262
-946,38,-270
-954,10,-247
-958,32,-269
-953,100,-256
-963,115,-255
-976,81,-247
-976,42,-239
-973,60,-229
-944,102,-201
-945,162,-217
-960,190,-224
-960,159,-215
-960,128,-191
-952,120,-129
-944,198,-81
-952,276,-72
-952,295,-117
-952,260,-156
-938,220,-153
-936,237,-75
-943,281,18
-957,375,59
-967,412,5
-968,365,-8
-962,333,17
-954,346,36
-958,364,99
-954,357,103
-952,324,57
-952,307,83
-947,299,130
-939,311,185
-936,320,208
-941,315,208
-939,280,231
-923,265,279
-916,294,313
-924,308,312
-924,304,320
-924,296,351
-928,295,372
-928,304,380
-928,304,404
-928,301,419
-925,293,409
-923,276,415
-925,267,405
-923,272,406
-928,252,382
-926,275,376
-920,264,368
-922,260,356
-930,246,394
-934,247,398
-928,288,404
-925,364,456
-911,368,434
-907,260,296
-929,179,251
-936,218,350
-935,325,404
-928,390,350
-928,357,301
-936,272,200
-936,248,232
-936,248,232
-944,271,224
-936,310,148
-943,327,219
-922,321,129
-941,277,99
-944,251,117
-937,296,188
-943,351,127
-951,353,66
-946,263,-14
-944,197,-57
-950,202,-28
-958,261,-16
-954,309,-56
-952,281,-105
-952,194,-163
-957,118,-195
-965,101,-169
-968,144,-142
-963,192,-160
-946,189,-195
-940,158,-212
-948,153,-194
-952,193,-168
-952,224,-168
-956,189,-211
-964,115,-270
-972,86,-261
-969,124,-216
-957,149,-226
-952,116,-252
-949,60,-281
-949,48,-277
-960,80,-230
-958,114,-223
-947,95,-265
-940,19,-288
-950,-12,-300
-944,14,-322
-944,64,-269
-944,51,-274
-945,-13,-349
-950,-38,-331
-936,-22,-303
-934,-11,-300
-921,-35,-334
-927,-65,-314
-912,-72,-334
-920,-72,-288
-920,-56,-296
-928,-56,-272
-912,-48,-225
-912,-78,-209
-905,-80,-171
-868,-51,-248
-850,-62,-249
-820,-36,-227
-802,-12,-224
-780,-15,-257
-743,-3,-290
-679,-6,-379
-645,4,-425
-622,26,-444
-592,32,-472
-573,38,-457
-529,23,-537
-458,48,-598
-385,127,-587
-350,140,-469
-304,93,-536
-223,101,-745
-110,217,-938
-29,288,-855
39,258,-775
130,236,-978
224,288,-1232
318,321,-1251
375,252,-1060
409,174,-1004
457,165,-1083
493,178,-1059
518,128,-949
537,49,-820
571,35,-809
629,61,-830
696,70,-749
770,53,-693
835,24,-715
898,28,-720
935,38,-648
965,25,-617
984,-4,-493
987,-27,-488
1004,-44,-519
1027,-60,-465
1051,-29,-462
1077,-4,-377
1047,-47,-387
1040,-30,-420
1032,-2,-351
1032,-56,-320
1008,-88,-368
992,-96,-391
992,-111,-445
1014,-127,-426
1009,-106,-460
1022,-97,-493
1017,-103,-454
1002,-77,-462
1000,-59,-444
1000,-63,-420
975,-64,-391
968,-58,-477
980,-68,-474
1002,-60,-429
1025,-67,-433
1032,-66,-468
1027,-64,-518
998,-64,-504
974,-33,-478
948,-26,-521
917,-22,-562
904,-11,-554
877,-4,-548
834,-9,-565
804,-16,-609
780,-16,-636
749,-8,-609
713,4,-617
682,-6,-674
654,-14,-709
634,6,-738
609,16,-752
572,25,-740
544,40,-731
515,48,-768
483,62,-795
467,56,-795
448,56,-820
420,56,-824
404,60,-865
387,69,-848
362,53,-887
335,41,-913
322,46,-882
285,34,-899
263,48,-924
255,48,-961
245,48,-975
207,48,-970
183,48,-1008
160,48,-992
136,56,-1032
113,48,-954
97,71,-944
66,65,-989
35,93,-999
18,103,-943
-19,76,-922
-44,72,-940
-55,85,-904
-69,88,-929
-85,88,-917
-107,82,-900
-130,74,-914
-148,78,-932
-163,86,-936
-185,82,-953
-203,91,-922
-224,128,-909
-252,119,-907
-279,99,-924
-298,82,-931
-318,72,-882
-337,81,-848
-357,79,-852
-372,72,-873
-384,68,-876
-400,64,-872
-419,57,-832
-432,48,-804
-439,48,-830
-458,48,-816
-475,54,-795
-489,64,-763
-509,53,-782
-528,29,-798
-544,26,-774
-555,30,-750
-586,26,-708
-600,32,-728
-624,34,-739
-627,37,-698
-643,24,-704
-655,23,-700
-650,18,-676
-665,32,-656
-672,31,-655
-674,24,-651
-696,23,-677
-697,8,-631
-720,16,-607
-728,8,-584
-744,16,-568
-752,24,-560
-767,24,-537
-783,39,-536
-784,18,-543
-791,9,-515
-806,22,-526
-828,4,-467
-845,0,-429
-848,-13,-476
-854,-22,-507
-850,-12,-524
-854,10,-510
-844,4,-457
-851,-17,-451
-867,-24,-484
-872,-46,-399
-883,-67,-320
-888,-82,-263
-898,-93,-235
-904,-110,-194
-904,-106,-191
-908,-96,-208
-921,-79,-178
-928,-56,-189
-928,-36,-256
-932,-20,-288
-940,-31,-329
-944,-44,-376
-944,-40,-356
-944,-50,-344
-941,-64,-353
-936,-70,-331
-939,-80,-325
-941,-75,-312
-934,-62,-326
-928,-56,-331
-926,-56,-364
-922,-52,-360
-928,-38,-307
-928,-32,-291
-931,-41,-308
-943,-75,-328
-938,-46,-328
-952,-29,-322
-952,-5,-277
-951,24,-246
-937,109,-217
-944,178,-118
-952,223,-81
-944,192,-118
-944,208,54
-936,231,2
-921,240,160
-935,389,310
-929,480,196
-935,424,48
-936,353,4
-956,248,7
-947,252,35
-937,360,138
-942,384,96
-932,328,92
-928,294,114
-928,317,214
-934,368,282
-930,390,268
-928,360,256
-928,328,267
-933,325,297
-936,333,312
-926,326,326
-934,329,327
-935,354,374
-919,338,330
-908,312,264
-900,312,300
-881,304,316
-864,292,322
-868,306,379
-869,328,441
-867,334,454
-875,341,440
-877,336,414
-867,331,352
-851,315,297
-833,299,267
-807,283,305
-776,268,277
-740,254,250
-691,243,261
-641,224,300
-612,228,406
-584,263,545
-539,348,598
-513,413,647
-518,389,767
-504,368,889
-502,465,892
-470,595,831
-432,643,816
-448,472,800
-424,456,896
-424,456,896
-362,596,912
-307,707,745
-267,630,788
-242,464,894
-197,527,947
-164,634,875
-99,621,871
-68,509,905
-25,534,984
9,614,867
41,607,807
90,528,909
128,539,973
165,626,904
187,656,833
214,575,838
261,536,927
311,628,927
323,690,761
334,629,720
367,547,784
415,583,821
466,658,785
496,663,752
524,620,788
567,588,835
592,602,815
585,613,715
569,576,651
563,534,688
574,526,699
581,542,599
587,547,539
621,528,581
660,517,622
697,533,584
726,546,493
746,548,486
757,531,545
778,512,505
784,515,432
789,523,377
818,490,457
835,462,407
857,502,344
865,481,342
882,407,319
904,391,302
913,377,272
936,424,263
936,400,153
944,408,276
952,393,234
959,414,143
953,431,158
959,403,153
967,372,152
975,368,104
976,381,136
976,371,137
963,349,111
960,338,123
966,348,140
974,346,173
965,344,224
954,350,240
947,384,240
949,421,319
957,417,335
955,433,246
957,467,286
955,480,330
952,462,172
956,483,103
968,508,256
980,488,396
984,430,167
951,436,83
926,478,394
944,439,451
931,442,281
891,504,272
859,509,582
869,445,535
859,489,377
804,585,513
776,554,597
782,522,701
790,540,641
744,583,571
680,600,682
645,567,743
627,567,701
593,600,687
544,601,687
485,606,742
464,591,789
462,580,768
429,632,868
366,623,798
312,576,728
272,560,832
249,568,747
202,606,805
170,556,778
132,545,849
114,558,877
84,581,880
53,591,935
8,592,897
-39,592,810
-67,586,836
-91,534,805
-138,556,834
-176,586,895
-195,575,843
-239,562,794
-256,538,784
-293,523,789
-322,545,751
-333,585,733
-350,605,717
-383,599,709
-427,570,703
-470,552,718
-488,540,678
-504,524,636
-532,516,648
-551,516,659
-574,513,640
-602,497,607
-626,462,581
-649,430,546
-670,446,570
-685,459,560
-706,467,573
-733,467,573
-751,454,514
-772,459,514
-784,488,490
-786,468,461
-795,385,412
-808,328,353
-809,325,269
-814,300,157
-801,218,47
-808,117,40
-809,96,47
-824,99,122
-825,138,156
-848,177,226
-864,209,280
-888,263,304
-911,318,304
-942,328,289
-944,350,273
-944,352,279
-944,366,273
-937,354,272
-936,318,258
-936,312,316
-929,305,315
-928,298,318
-922,284,295
-920,286,312
-920,306,296
-909,323,271
-910,345,253
-907,363,259
-915,363,259
-920,355,271
-925,352,320
-928,352,311
-919,347,288
-908,348,270
-908,356,282
-908,356,283
-908,340,280
-908,328,281
-911,332,271
-916,332,294
-912,328,305
-912,328,293
-921,337,294
-939,346,298
-939,339,283
-925,341,285
-920,334,302
-920,333,287
-920,342,304
-922,336,312
-926,336,327
-920,338,298
-921,344,304
-928,344,303
-927,342,292
-920,329,274
-919,336,287
-913,336,279
-919,335,264
-912,329,264
-912,344,265
-912,352,304
-912,344,328
-920,360,351
-905,352,291
-904,352,288
-904,352,281
-911,338,294
-905,329,296
-897,348,282
-903,352,287
-917,352,281
-926,352,299
-922,346,285
-908,344,304
-910,350,294
-912,346,282
-906,350,280
-904,341,280
-904,341,296
-909,334,289
-912,338,295
-912,339,285
-907,345,281
-904,356,292
-913,356,296
-920,356,308
-916,368,308
-912,364,296
-912,348,285
-912,344,283
-909,341,286
-904,330,282
-907,323,299
-909,331,292
-907,336,275
-912,333,283
-912,330,288
-914,338,290
-918,344,294
-912,342,286
-912,338,280
-912,342,282
-912,339,288
-912,351,287
-913,344,281
-920,345,291
-922,350,310
-935,337,296
-927,344,296
-912,344,295
-912,344,280
-912,344,264
-912,352,312
-920,352,281
-912,352,280
-912,337,265
-912,343,293
-912,344,275
-905,365,230
-911,354,272
-912,359,280
-919,353,306
-920,358,293
-914,341,269
-918,336,252
-914,336,283
-906,342,296
-910,350,296
-912,347,285
-912,344,291
-907,344,276
-909,344,279
-912,344,283
-912,344,280
-916,344,284
-920,348,288
-920,360,288
-912,368,284
-904,356,288
-908,340,292
-912,340,277
-919,344,271
-925,344,286
-908,341,284
-891,342,270
-904,352,283
-917,352,285
-912,352,280
-912,350,282
-912,344,286
-914,350,284
-920,368,298
-918,366,292
-912,359,257
-912,349,293
-912,336,282
-912,334,293
-914,321,273
-927,327,280
-920,322,279
-920,344,264
-912,344,272
-912,344,272
-928,-72,-328
-936,-72,-328
-936,-64,-328
-936,-71,-328
-929,-65,-328
-907,-64,-328
-925,-50,-293
-928,-55,-315
-921,-63,-327
-927,-64,-321
-928,-70,-326
-934,-72,-328
-930,-78,-328
-934,-74,-340
-936,-72,-333
-942,-61,-350
-928,-56,-333
-920,-56,-331
-925,-56,-331
-928,-56,-318
-928,-56,-360
-933,-51,-341
-932,-61,-317
-928,-72,-345
-932,-68,-343
-936,-64,-324
-932,-60,-320
-921,-60,-338
-919,-71,-346
-925,-77,-338
-923,-69,-339
-934,-61,-329
-947,-59,-332
-949,-64,-309
-941,-67,-299
-934,-70,-290
-928,-62,-303
-930,-56,-314
-934,-56,-294
-928,-54,-290
-928,-50,-296
-928,-56,-300
-928,-57,-317
-928,-64,-303
-928,-64,-299
-928,-64,-319
-927,-64,-313
-920,-64,-322
-920,-64,-342
-928,-72,-312
-936,-64,-320
-936,-72,-336
-944,-64,-320
-936,-56,-343
-936,-56,-307
-936,-56,-304
-936,-56,-318
-936,-56,-313
-929,-49,-346
-935,-55,-339
-943,-69,-316
-938,-66,-306
-936,-70,-316
-942,-66,-320
-944,-64,-308
-944,-64,-304
-944,-64,-304
-939,-64,-293
-936,-59,-293
-936,-51,-291
-936,-53,-283
-941,-56,-280
-944,-47,-289
-944,-49,-296
-940,-60,-300
-928,-64,-300
-924,-64,-288
-920,-60,-292
-916,-63,-304
-920,-68,-300
-927,-67,-293
-946,-69,-285
-957,-64,-280
-949,-55,-297
-941,-45,-317
-928,-59,-278
-912,-66,-230
-907,-72,-210
-892,-72,-197
-876,-78,-134
-853,-98,-100
-806,-107,-83
-761,-120,-65
-723,-119,-81
-692,-110,-128
-666,-92,-137
-615,-60,-215
-538,-19,-335
-469,32,-327
-428,30,-322
-357,0,-515
-256,16,-616
-200,80,-568
-200,80,-568
-169,88,-498
-54,103,-747
116,119,-894
223,186,-962
296,199,-875
430,165,-1150
550,180,-1151
628,117,-1077
699,71,-992
744,70,-925
808,66,-807
878,52,-746
961,-5,-660
1047,-30,-626
1133,-54,-618
1182,-59,-573
1234,-98,-557
1266,-161,-514
1262,-140,-473
1256,-98,-531
1237,-144,-581
1175,-153,-562
1106,-81,-548
1055,-65,-627
1028,-88,-684
1016,-61,-672
990,-32,-624
961,-60,-526
949,-120,-506
957,-129,-529
991,-84,-423
1019,-96,-321
1019,-160,-363
1011,-153,-304
1006,-106,-143
984,-110,-196
990,-106,-307
1010,-96,-338
1014,-39,-283
996,-8,-315
951,-4,-333
943,17,-499
930,20,-520
891,3,-564
852,25,-537
812,31,-546
775,23,-569
757,8,-586
704,0,-616
688,-8,-616
680,-32,-624
641,-32,-570
602,-24,-667
607,6,-717
637,37,-684
647,33,-723
641,60,-777
647,84,-825
655,95,-812
623,70,-756
572,70,-744
541,103,-812
524,112,-753
485,94,-763
449,82,-793
446,86,-817
453,88,-856
451,99,-856
433,104,-848
414,114,-868
394,110,-870
379,99,-883
376,100,-892
363,104,-888
340,100,-896
324,96,-916
320,100,-928
313,100,-928
297,103,-917
275,112,-911
246,109,-920
229,110,-920
215,117,-894
197,107,-886
187,106,-947
178,130,-927
186,134,-962
188,126,-983
172,122,-920
158,130,-948
147,138,-962
124,141,-968
97,128,-971
63,129,-977
54,136,-937
37,135,-944
15,129,-945
6,135,-953
-17,120,-958
-32,120,-930
-32,120,-992
-40,120,-984
-56,120,-1000
-79,105,-954
-95,74,-915
-96,72,-970
-103,79,-940
-118,66,-943
-140,44,-958
-151,40,-933
-172,20,-928
-182,22,-941
-196,18,-956
-212,16,-930
-234,28,-944
-251,38,-935
-273,51,-917
-296,51,-907
-315,53,-888
-325,61,-865
-338,64,-856
-358,54,-851
-373,53,-834
-380,74,-833
-401,84,-827
-420,76,-812
-432,72,-788
-452,68,-783
-479,60,-804
-496,49,-794
-499,37,-793
-507,35,-813
-518,46,-811
-534,50,-816
-547,40,-813
-560,35,-800
-581,24,-779
-594,24,-766
-604,26,-762
-616,30,-762
-618,24,-744
-627,22,-741
-641,17,-734
-649,25,-749
-658,31,-696
-675,24,-694
-696,25,-675
-697,31,-630
-705,23,-606
-713,7,-574
-728,-8,-530
-736,8,-584
-736,8,-536
-752,8,-575
-744,-7,-546
-766,-23,-522
-775,-17,-535
-776,-9,-550
-790,-15,-503
-812,-23,-482
-823,-24,-460
-837,-17,-463
-840,-16,-458
-834,-16,-450
-832,-10,-478
-832,-8,-464
-855,-14,-422
-875,-22,-397
-891,-24,-349
-907,-29,-307
-907,-57,-291
-909,-107,-293
-912,-133,-301
-912,-141,-290
-908,-135,-320
-908,-106,-361
-916,-76,-356
-924,-56,-336
-928,-40,-343
-928,-28,-334
-932,-24,-300
-936,-24,-293
-942,-27,-278
-952,-35,-255
-943,-40,-246
-928,-43,-245
-933,-48,-224
-942,-50,-224
-936,-58,-231
-938,-66,-252
-944,-72,-266
-944,-77,-267
-944,-93,-246
-944,-81,-244
-944,-85,-263
-942,-71,-251
-931,-63,-224
-953,-56,-227
-961,-56,-253
-967,-56,-226
-960,-57,-246
-968,-72,-207
-960,-72,-168
-968,-80,-168
-968,-64,-184
-938,-72,-192
-929,-65,-244
-928,-57,-197
-928,-49,-156
-942,-55,-117
-930,-63,-64
-915,-64,-16
-892,-57,83
-850,-62,199
-778,-120,317
-706,-148,350
-623,-105,287
-497,-82,92
-367,-80,-137
-252,-53,-224
-153,-14,-316
-3,56,-426
168,132,-533
270,155,-696
365,115,-651
510,88,-716
722,161,-1073
869,191,-1235
904,80,-1108
958,-54,-908
1096,-71,-847
1285,15,-880
1419,37,-857
1440,-23,-829
1410,-53,-724
1412,16,-671
1416,136,-661
1356,56,-750
1286,-146,-880
1248,-84,-722
1189,88,-521
1124,47,-588
1070,-87,-635
1008,-84,-576
1007,33,-512
997,57,-496
982,-30,-420
969,-107,-442
979,-65,-446
1008,-14,-354
1008,-79,-295
1008,-72,-279
1008,-81,-258
1008,-103,-328
992,-49,-336
1031,22,-359
986,1,-109
939,-75,-424
943,-73,-397
944,35,-356
958,125,-338
946,54,-343
911,0,-437
897,25,-449
871,64,-454
870,72,-493
872,12,-522
848,-8,-528
823,-2,-539
799,-11,-605
776,-16,-594
763,10,-587
765,34,-648
768,35,-675
744,32,-677
714,51,-689
695,64,-692
666,60,-692
631,73,-688
608,92,-692
588,96,-716
561,107,-721
548,113,-726
545,107,-741
530,109,-742
517,104,-764
512,104,-790
509,107,-803
496,109,-808
475,104,-813
457,99,-824
436,88,-830
420,90,-850
406,92,-860
400,82,-875
394,87,-887
367,81,-879
359,88,-876
350,89,-894
336,96,-886
335,96,-932
327,96,-887
310,96,-873
280,88,-896
264,96,-896
256,96,-904
256,96,-904
264,104,-896
256,104,-949
241,97,-952
211,96,-974
208,103,-912
201,104,-939
193,104,-930
205,111,-935
195,119,-943
173,120,-944
156,114,-944
146,118,-950
120,114,-952
106,101,-946
110,85,-938
101,85,-974
91,77,-976
78,77,-953
67,95,-964
59,109,-981
47,107,-979
31,108,-967
20,116,-956
8,124,-940
0,128,-956
-19,132,-980
-36,140,-958
-43,137,-943
-63,125,-949
-75,117,-947
-89,109,-952
-107,104,-946
-117,101,-947
-131,101,-963
-138,112,-954
-144,112,-965
-155,110,-982
-188,104,-984
-205,102,-941
-226,98,-960
-235,101,-957
-253,88,-941
-280,88,-929
-283,91,-936
-307,111,-935
-329,104,-928
-346,103,-924
-369,95,-875
-393,80,-933
-424,72,-848
-440,80,-816
-456,80,-808
-456,65,-732
-493,42,-728
-511,40,-764
-519,54,-797
-534,56,-786
-570,70,-736
-596,65,-715
-613,64,-712
-629,58,-699
-644,56,-665
-654,50,-650
-668,42,-666
-683,34,-655
-699,26,-648
-715,19,-610
-731,11,-571
-751,-2,-545
-765,-18,-531
-768,-29,-518
-777,-32,-503
-802,-32,-474
-833,-36,-439
-848,-48,-395
-844,-48,-368
-855,-44,-360
-872,-44,-334
-883,-40,-277
-899,-50,-192
-910,-74,-120
-929,-94,-84
-947,-113,-81
-944,-125,-115
-931,-104,-123
-936,-72,-109
-936,-67,-82
-940,-52,-130
-948,-44,-126
-938,-54,-98
-937,-48,-86
-913,-49,-19
-919,-56,-23
-907,-55,33
-874,-55,97
-829,-106,157
-802,-122,130
-729,-146,57
-628,-169,-30
-542,-182,15
-488,-120,-32
-392,-112,-256
-299,-104,-349
-167,-20,-527
-63,88,-767
39,89,-799
98,202,-928
202,195,-846
318,226,-914
443,212,-1148
562,188,-1251
616,171,-1143
636,137,-1050
676,92,-1044
688,33,-936
740,-36,-879
838,-89,-827
926,-104,-786
984,-109,-755
1041,-107,-719
1094,-104,-679
1150,-99,-645
1181,-68,-595
1175,-12,-599
1142,33,-594
1103,27,-572
1092,-4,-544
1081,-12,-512
1053,3,-483
1026,-26,-455
1005,-87,-477
1000,-102,-480
1003,-121,-456
1002,-136,-427
987,-136,-387
981,-149,-426
997,-178,-466
1013,-179,-447
1026,-172,-414
1038,-182,-521
1063,-154,-582
1088,-67,-517
1087,-13,-505
1077,-1,-525
1063,-8,-599
1053,-6,-638
1030,11,-621
1012,31,-594
973,23,-621
933,16,-689
878,16,-711
823,0,-680
753,-8,-720
705,-16,-689
651,-24,-741
611,-24,-848
593,-9,-834
542,-8,-796
459,13,-848
387,16,-856
329,23,-889
281,24,-863
228,30,-888
179,32,-871
138,26,-930
104,24,-934
62,41,-951
15,42,-932
-43,51,-931
-85,45,-936
-132,40,-921
-182,45,-902
-219,48,-886
-260,43,-880
-307,36,-853
-350,36,-815
-380,36,-817
-408,40,-808
-439,40,-753
-474,25,-713
-507,20,-725
-530,24,-688
-560,18,-613
-593,2,-617
-623,-11,-572
-664,-21,-500
-712,-45,-393
-756,-82,-276
-795,-109,-151
-830,-126,-42
-852,-144,-22
-868,-142,-7
-882,-133,17
-891,-116,-26
-904,-91,-125
-906,-58,-253
-919,-22,-375
-912,-8,-370
-913,-8,-389
-921,-8,-436
-936,-8,-383
-928,-16,-365
-928,-16,-280
-928,-16,-312
-928,-24,-343
-928,-32,-359
-928,-32,-330
-928,-47,-343
-928,-34,-323
-935,-32,-320
-929,-25,-340
-921,-24,-351
-933,-17,-326
-936,-22,-339
-942,-18,-338
-932,-22,-354
-922,-24,-360
-926,-24,-354
-922,-24,-346
-920,-24,-376
-925,-24,-366
-923,-19,-388
-925,-16,-388
-928,-16,-352
-923,-21,-331
-911,-33,-355
-913,-40,-363
-916,-32,-352
-920,-24,-376
-928,-24,-373
-928,-13,-329
-924,-7,-308
-923,-16,-317
-925,-16,-342
-923,-19,-349
-925,-27,-338
-917,-24,-333
-912,-13,-349
-914,-22,-353
-925,-14,-336
-934,-8,-334
-928,-10,-326
-932,-16,-325
-942,-16,-341
-935,-13,-329
-927,0,-339
-920,-4,-348
-920,-25,-326
-920,-32,-315
-921,-32,-336
-936,-31,-337
-936,-24,-353
-936,-16,-376
-936,-16,-392
-936,-16,-360
-944,-16,-344
-929,-1,-336
-943,-7,-314
-929,-8,-319
-921,-15,-334
-920,-16,-329
-920,-9,-321
-927,-8,-353
-928,-8,-380
-928,-8,-327
-928,-14,-355
-934,-16,-356
-930,-22,-352
-934,-24,-341
-936,-24,-336
-936,-24,-347
-941,-19,-320
-934,-16,-319
-923,-16,-318
-920,-16,-326
-915,-25,-341
-908,-28,-335
-908,-24,-337
-912,-16,-332
-912,-12,-328
-912,-16,-324
-916,-16,-308
-920,-20,-290
-917,-37,-242
-906,-66,-187
-893,-86,-116
-885,-111,-9
-869,-133,-6
-838,-110,-106
-799,-50,-150
-742,9,-119
-675,43,-126
-598,80,-253
-522,111,-406
-436,139,-459
-386,148,-465
-347,129,-464
-266,138,-649
-177,159,-796
-125,210,-803
-91,213,-633
-34,100,-671
58,54,-986
250,176,-1028
312,176,-912
352,80,-824
352,80,-824
437,64,-933
615,110,-1058
751,97,-1004
767,23,-869
832,45,-906
903,48,-877
960,34,-886
1021,32,-821
1065,39,-821
1078,27,-767
1105,30,-733
1124,26,-637
1128,30,-561
1099,55,-492
1071,3,-411
1037,-8,-476
1024,37,-457
1014,41,-404
1008,12,-343
994,-10,-374
984,-11,-393
988,-21,-380
1001,-45,-375
1008,-39,-405
1004,-20,-428
992,-35,-424
977,-63,-439
964,-65,-434
967,-56,-440
989,-50,-498
1011,-40,-438
1007,-40,-350
984,-48,-420
960,-67,-356
956,-62,-442
1000,-31,-448
1046,0,-421
1062,22,-452
1051,7,-444
1020,-19,-449
966,0,-423
913,1,-417
878,13,-437
865,38,-514
870,21,-529
854,2,-540
832,25,-588
832,40,-648
838,32,-649
768,40,-681
744,56,-743
728,64,-806
675,56,-808
620,56,-786
572,49,-820
539,69,-853
522,86,-856
500,88,-842
469,101,-860
418,97,-864
370,121,-826
354,159,-810
328,150,-808
308,126,-837
281,114,-882
255,112,-885
221,112,-902
182,91,-917
153,70,-956
134,74,-1020
104,80,-995
60,85,-946
18,79,-972
-17,68,-983
-49,68,-964
-80,72,-944
-104,76,-928
-123,84,-950
-147,92,-958
-173,99,-926
-205,98,-896
-233,85,-893
-260,83,-948
-288,88,-946
-317,91,-877
-354,91,-888
-385,78,-883
-416,72,-851
-448,74,-782
-477,78,-745
-499,70,-715
-513,64,-702
-524,60,-737
-549,38,-768
-583,22,-665
-635,4,-609
-666,-33,-545
-689,-51,-467
-705,-90,-400
-721,-128,-392
-752,-144,-408
-776,-128,-376
-807,-97,-260
-838,-50,-302
-847,-41,-274
-863,-18,-250
-857,-2,-312
-877,-7,-271
-887,-8,-244
-888,-15,-253
-895,-29,-263
-909,-32,-277
-906,-32,-317
-904,-32,-328
-910,-32,-328
-912,-26,-357
-918,-18,-396
-925,-16,-386
-923,-16,-350
-920,-11,-382
-915,-13,-403
-912,-6,-395
-907,5,-401
-908,4,-412
-908,9,-407
-904,16,-404
-908,16,-424
-912,8,-421
-912,-4,-393
-908,-12,-402
-901,-9,-431
-896,-3,-440
-896,-5,-440
-893,-3,-425
-888,-8,-397
-885,-8,-395
-882,-6,-405
-888,7,-423
-890,22,-427
-896,16,-384
-896,12,-373
-896,0,-413
-895,0,-413
-888,0,-467
-889,-1,-439
-896,-8,-429
-896,-8,-407
-896,-8,-401
-896,-8,-416
-896,-8,-416
-896,-8,-416
-896,-8,-400
-896,0,-416
-896,0,-439
-896,0,-417
-896,0,-409
-896,0,-430
-903,0,-418
-904,-7,-395
-904,-1,-419
-897,0,-404
-889,0,-407
-888,-6,-402
-882,-2,-406
-886,-18,-414
-888,-6,-410
-888,0,-414
-894,0,-422
-901,5,-419
-904,-3,-400
-899,-8,-407
-901,-8,-421
-899,-8,-424
-896,-3,-429
-896,0,-428
-900,0,-428
-904,-4,-428
-900,-4,-428
-900,0,-420
-900,-4,-404
-896,-4,-407
-893,3,-419
-888,8,-421
-888,2,-416
-891,-5,-416
-896,0,-413
-896,0,-408
-896,0,-408
-896,0,-406
-894,-2,-398
-888,-6,-400
-892,2,-424
-906,8,-422
-912,8,-413
-912,8,-403
-911,6,-416
-905,-7,-414
-911,0,-399
-903,0,-393
-896,-1,-400
-896,-8,-400
-888,-8,-408
-888,8,-416