912,280,360
912,280,344
904,295,321
904,318,327
897,313,343
896,312,330
903,305,328
918,304,355
920,331,333
920,323,315
920,307,331
920,304,336
914,292,342
906,288,356
893,305,314
899,306,329
899,299,317
901,301,320
894,309,303
888,307,323
893,299,339
901,301,327
904,295,329
904,292,336
908,296,344
912,292,348
912,288,344
912,288,348
908,288,345
904,291,339
907,296,341
912,296,327
912,296,321
912,299,336
909,299,336
906,293,334
910,306,337
906,310,354
912,304,336
912,304,334
912,302,325
911,295,319
904,289,352
905,295,346
912,286,314
913,273,329
920,281,336
920,289,337
920,296,344
912,288,336
920,280,320
920,296,336
904,280,359
927,272,360
928,272,345
921,316,366
913,313,382
905,298,356
911,289,352
905,281,345
904,287,364
904,282,343
904,280,330
904,280,358
904,268,409
898,287,390
896,302,343
896,299,371
896,307,408
896,317,462
896,315,453
891,326,489
879,341,584
876,353,687
880,373,753
880,380,780
884,372,816
880,383,909
865,374,1021
870,348,1096
895,362,1143
901,402,1178
890,425,1195
868,383,1157
829,360,1168
769,399,1182
703,438,1134
655,407,1130
619,388,1189
564,420,1214
484,466,1200
404,396,1212
338,330,1037
220,384,1023
112,417,990
57,364,831
-1,287,771
-88,339,787
-178,287,731
-212,276,656
-281,192,494
-320,176,424
-384,184,192
-438,168,-49
-470,92,-239
-472,-16,-241
-479,-82,-284
-530,-109,-160
-627,-14,72
-770,68,179
-872,107,265
-953,132,313
-1006,200,314
-1022,247,343
-1018,250,298
-987,248,292
-987,237,256
-975,221,268
-957,200,302
-941,192,270
-921,161,253
-907,144,266
-899,163,248
-896,185,246
-883,179,274
-881,164,301
-884,152,345
-876,156,392
-876,168,408
-869,146,467
-867,141,529
-880,168,503
-874,158,493
-861,135,503
-850,114,505
-832,104,536
-816,114,536
-809,143,531
-792,155,545
-792,144,621
-792,158,656
-790,207,645
-776,229,608
-743,204,614
-727,149,644
-678,150,673
-664,242,738
-663,299,814
-655,186,863
-647,124,855
-640,180,845
-632,263,785
-632,239,833
-592,137,903
-584,183,795
-599,283,822
-578,236,861
-547,152,893
-530,230,932
-521,296,929
-493,256,928
-455,181,1001
-441,214,1009
-434,281,1033
-407,277,1059
-400,242,1040
-388,256,1026
-378,304,972
-370,298,946
-341,223,955
-323,234,923
-315,256,879
-312,266,859
-293,210,885
-266,177,904
-256,229,944
-247,277,950
-232,255,924
-204,196,976
-180,199,1013
-172,280,922
-168,364,861
-138,268,976
-80,101,1083
-65,200,1064
-77,345,1070
-47,302,1091
5,170,1112
14,204,1095
13,234,1054
24,234,1033
30,194,1002
55,132,1025
80,157,985
84,205,938
112,180,993
156,119,1040
178,125,1035
191,220,995
186,248,958
213,160,1017
279,65,1029
257,249,975
280,272,936
280,224,952
280,224,952
327,146,975
374,159,1029
361,272,1017
360,324,928
374,221,963
411,187,982
423,266,943
431,293,976
439,263,938
453,243,909
481,246,929
500,260,894
510,276,915
523,269,871
539,264,820
549,275,857
547,280,801
559,270,801
593,254,789
608,267,773
617,271,795
628,268,768
649,272,753
681,264,785
704,264,784
712,291,737
712,290,689
716,246,658
713,241,637
704,267,645
716,263,652
745,254,626
757,267,635
757,269,680
773,279,664
782,317,576
778,326,542
790,316,560
810,309,551
816,323,522
816,298,558
817,275,688
825,294,679
836,332,618
866,357,562
879,339,440
863,373,362
856,444,388
848,530,465
865,591,486
919,513,322
904,450,266
904,471,363
897,502,361
932,446,331
965,304,192
954,225,50
938,230,32
929,299,5
928,332,-13
922,323,-35
914,320,-34
912,314,-74
906,277,-106
904,230,-129
898,233,-64
912,262,11
920,304,32
910,340,68
914,347,58
915,368,150
898,435,233
892,472,204
900,476,180
900,476,184
884,472,200
876,484,239
884,514,271
892,536,266
903,529,235
906,517,213
890,506,214
883,479,215
893,426,167
901,376,78
901,365,19
912,378,-6
914,378,-44
920,356,-60
922,342,-68
928,334,-53
928,327,-37
928,313,-32
929,275,-79
936,247,-106
936,243,-5
937,273,26
943,282,133
928,309,210
928,402,241
912,464,280
904,504,184
873,457,269
864,502,226
894,511,224
889,534,209
888,522,222
895,527,273
903,514,294
917,505,263
907,478,197
923,459,184
928,425,134
928,398,60
916,392,28
912,398,18
912,389,-6
912,373,-32
912,347,-24
907,321,-31
909,307,-35
912,314,-13
917,320,5
920,311,-14
920,308,-28
920,316,13
920,328,80
920,348,131
920,378,170
913,414,203
897,452,240
882,474,269
866,467,270
862,492,292
869,525,312
867,520,330
874,520,351
878,518,332
878,508,367
896,492,308
892,473,258
882,441,205
894,413,177
920,396,101
920,378,46
920,390,31
920,374,19
920,357,-21
920,327,6
920,319,-24
912,304,-32
912,304,-24
920,264,-32
920,248,22
928,233,85
935,299,215
936,348,275
915,416,273
891,452,293
874,429,344
865,444,359
877,468,386
848,459,417
859,475,430
864,462,420
870,415,387
889,348,342
902,295,378
893,275,427
899,293,456
909,309,423
907,292,400
894,275,481
883,291,541
880,300,472
871,305,412
860,316,425
856,312,424
871,316,439
877,332,476
868,311,466
869,277,455
864,275,467
867,277,463
869,275,463
864,283,483
864,285,482
864,280,494
864,285,474
864,300,484
866,310,514
868,309,572
859,325,600
878,311,695
896,311,836
850,357,848
817,432,809
828,427,884
862,386,988
837,411,1029
800,447,997
808,432,1089
800,424,1112
776,400,1264
784,392,1318
738,438,1343
676,403,1337
665,312,1263
614,290,1270
531,351,1188
445,360,1067
399,260,1041
346,233,1020
253,327,940
170,321,852
92,264,753
37,219,693
-33,265,600
-95,321,557
-166,260,520
-239,145,567
-335,165,580
-435,240,568
-529,250,491
-605,198,403
-650,141,380
-699,176,388
-749,257,330
-780,260,212
-800,201,98
-804,168,18
-804,182,-26
-808,190,-41
-814,144,-22
-833,102,29
-854,112,114
-872,117,176
-896,123,249
-917,117,351
-937,142,370
-971,187,344
-998,214,356
-992,208,327
-987,196,344
-964,155,300
-940,172,256
-919,191,292
-910,181,274
-896,157,295
-897,137,354
-905,143,379
-912,136,418
-904,145,463
-912,176,432
-928,184,472
-936,192,472
-936,192,495
-943,199,503
-944,215,468
-915,202,457
-912,186,435
-898,191,446
-883,199,441
-873,187,466
-872,165,440
-853,166,444
-848,168,514
-842,162,489
-834,160,501
-843,149,529
-837,155,525
-827,165,536
-824,168,554
-819,178,575
-811,189,594
-813,201,586
-807,208,576
-791,195,593
-776,180,604
-768,192,636
-764,227,676
-756,230,665
-734,176,662
-712,143,680
-712,178,680
-700,231,677
-680,239,701
-675,189,747
-664,170,752
-664,230,769
-657,278,747
-638,249,787
-624,190,806
-600,230,783
-598,296,813
-586,251,836
-556,195,853
-537,217,847
-543,274,889
-535,285,891
-524,259,853
-480,210,905
-480,243,911
-488,295,887
-472,272,864
-464,256,928
-464,256,928
-456,287,905
-433,318,942
-417,290,922
-409,273,956
-401,293,974
-386,324,927
-370,308,968
-348,257,989
-337,274,953
-342,324,906
-338,293,927
-312,250,954
-310,269,960
-295,309,943
-288,309,891
-261,250,904
-237,240,952
-227,263,943
-214,307,933
-198,318,941
-169,289,963
-134,263,989
-111,265,1013
-96,301,1020
-76,316,1020
-60,304,1047
-52,304,1043
-41,290,1012
-25,289,1009
-16,309,984
-4,276,978
19,238,996
29,273,987
45,315,1016
63,287,1039
87,239,1058
108,233,1056
122,294,1022
130,325,988
146,265,984
187,182,1013
203,224,999
217,300,993
227,270,995
248,200,965
250,204,1005
271,243,974
265,278,946
281,232,975
304,216,952
304,264,936
320,256,882
350,248,895
374,241,918
383,276,942
413,280,915
444,238,933
462,307,936
471,307,916
472,311,873
478,261,902
499,236,875
498,304,840
508,346,773
518,335,781
565,244,814
595,273,829
584,357,779
596,399,737
613,373,758
640,323,752
661,355,690
668,423,625
676,461,600
692,393,637
732,300,668
748,395,629
732,586,548
742,660,507
760,609,523
773,518,499
795,520,416
797,601,340
792,629,293
792,608,224
790,569,207
793,550,235
820,540,216
836,514,170
855,470,79
890,457,-15
932,431,-58
956,427,-144
978,440,-190
993,434,-230
1002,387,-279
1017,340,-339
1033,297,-372
1050,304,-431
1080,296,-416
1088,288,-400
1088,248,-440
1096,264,-580
1104,294,-531
1119,333,-625
1149,351,-610
1173,352,-608
1176,373,-685
1183,383,-655
1171,391,-675
1161,412,-654
1160,429,-591
1135,432,-551
1098,408,-538
1041,359,-495
978,350,-474
915,363,-450
858,379,-418
793,395,-392
722,395,-359
652,377,-324
576,358,-322
498,338,-342
428,319,-334
383,312,-307
339,304,-325
288,288,-324
249,292,-311
225,315,-335
205,328,-319
189,325,-308
184,314,-349
181,301,-392
176,287,-447
179,280,-502
194,299,-557
228,311,-557
263,342,-584
286,376,-635
308,378,-686
324,386,-756
343,392,-766
372,391,-769
393,389,-816
402,418,-852
419,433,-829
443,442,-809
465,458,-817
481,479,-832
489,470,-831
512,433,-815
520,464,-776
512,472,-744
528,488,-728
543,496,-736
559,511,-751
567,534,-701
575,529,-646
569,528,-689
582,542,-689
597,524,-648
607,507,-614
608,504,-589
614,516,-596
610,520,-582
626,526,-588
632,522,-563
638,531,-552
640,541,-536
645,533,-533
648,528,-546
653,538,-532
661,539,-510
669,536,-490
681,536,-476
692,532,-481
692,532,-484
696,528,-456
712,516,-432
724,512,-425
728,516,-430
728,527,-438
728,536,-427
728,536,-432
728,536,-438
733,533,-445
744,533,-419
744,542,-386
742,529,-413
736,510,-420
742,506,-392
764,510,-344
776,504,-351
779,504,-370
795,504,-343
809,504,-337
815,505,-344
809,512,-344
819,512,-345
848,511,-350
848,495,-320
856,472,-312
840,456,-296
832,448,-280
824,432,-296
816,424,-212
816,424,-186
809,424,-177
829,431,-183
832,453,-170
832,463,-175
832,471,-143
845,472,-123
854,485,-145
862,500,-146
864,504,-132
864,510,-122
870,501,-103
866,485,-102
859,475,-72
851,493,-45
858,509,-25
864,517,-31
864,510,-35
859,495,-18
869,488,23
880,484,83
872,488,116
864,492,132
860,500,163
860,519,202
864,532,249
867,526,297
869,515,323
864,520,322
864,517,315
867,498,328
869,462,347
869,435,357
878,426,375
868,432,394
854,424,392
848,396,386
850,382,456
859,376,492
871,379,511
863,390,498
856,375,467
854,366,485
839,351,460
834,341,419
856,303,464
848,288,464
848,288,464
856,296,464
864,288,480
864,280,541
864,280,522
849,273,549
848,272,538
834,279,522
818,300,609
823,277,611
831,279,628
832,299,651
832,310,730
850,300,818
844,302,928
840,281,943
857,283,958
842,337,1103
800,307,1242
769,260,1290
745,288,1197
717,326,1184
695,308,1267
666,279,1331
613,315,1296
563,340,1206
504,324,1124
429,289,1088
374,260,1074
331,250,1023
274,239,1063
219,235,1160
163,210,1181
92,180,1167
42,171,1047
-32,198,940
-74,125,819
-107,96,741
-159,157,708
-244,210,653
-317,187,498
-373,173,444
-434,196,519
-493,221,483
-566,240,311
-601,179,129
-605,77,-159
-585,-10,-359
-601,49,-428
-618,67,-364
-650,121,-274
-712,152,-80
-776,168,168
-776,168,168
-854,215,292
-902,224,387
-956,269,429
-982,221,461
-984,230,471
-984,232,444
-964,205,440
-967,207,460
-968,195,425
-955,122,378
-921,54,418
-888,82,414
-862,120,455
-867,134,501
-866,97,529
-869,69,525
-883,90,541
-878,129,557
-867,139,570
-864,126,571
-864,125,559
-851,146,565
-840,160,580
-840,152,601
-836,136,632
-828,132,636
-817,140,631
-804,144,640
-800,131,640
-794,109,643
-781,113,657
-773,125,684
-768,123,712
-763,120,725
-752,106,715
-747,121,706
-734,142,710
-728,134,708
-728,130,724
-726,138,741
-719,144,761
-709,145,769
-695,152,775
-687,152,768
-681,151,767
-687,145,763
-671,153,790
-656,167,770
-648,143,815
-648,120,792
-640,128,792
-632,151,784
-617,152,807
-616,130,845
-601,106,855
-593,118,813
-585,141,836
-570,158,854
-575,147,869
-563,131,872
-566,147,878
-556,146,905
-552,138,906
-552,136,892
-546,142,899
-538,127,898
-525,136,901
-515,149,915
-502,152,915
-486,132,922
-475,120,928
-467,134,919
-451,135,934
-436,132,943
-428,140,940
-412,132,944
-400,120,956
-404,127,972
-397,140,972
-381,144,978
-373,134,998
-371,129,1002
-373,144,989
-365,144,979
-357,136,968
-345,118,968
-328,126,963
-326,164,952
-314,166,972
-292,134,1028
-278,135,1014
-271,160,1011
-261,159,1020
-247,152,1006
-239,151,1032
-231,146,984
-220,159,1043
-183,145,993
-175,153,1007
-160,175,985
-152,136,1016
-136,136,1024
-120,159,1024
-128,160,1009
-98,123,986
-74,120,1050
-51,141,1035
-41,193,969
-33,152,1028
8,71,1000
9,154,999
21,201,987
36,183,990
70,116,1028
86,155,1052
94,193,1067
113,200,1039
125,205,1029
144,187,1032
167,176,1042
176,201,1038
186,221,1032
201,205,1037
226,179,1031
244,185,1015
252,212,987
264,224,980
280,201,992
306,165,992
328,187,985
345,219,993
378,181,1032
392,161,1019
389,193,966
387,213,976
392,187,960
394,181,899
402,192,839
414,194,854
442,208,852
481,223,878
515,199,912
529,230,842
541,248,823
570,208,857
584,214,854
584,257,787
586,260,812
609,225,845
618,233,806
648,256,760
656,264,759
648,304,705
671,273,758
695,264,722
696,301,631
718,333,617
749,315,666
780,298,658
798,316,656
807,360,569
801,388,559
806,360,528
827,340,514
838,390,512
846,461,518
859,497,537
858,487,460
872,469,375
875,485,305
877,516,300
890,528,322
896,509,280
901,473,174
904,465,84
913,476,39
916,468,16
908,440,4
904,409,-12
904,370,-53
908,316,-95
919,260,-107
931,238,-80
939,260,8
938,295,84
920,334,131
907,378,181
910,428,181
899,463,194
880,478,219
858,480,266
866,502,255
872,498,267
871,504,213
865,501,213
874,489,271
888,491,217
889,454,221
897,437,186
913,407,124
927,392,64
904,391,71
904,368,48
904,368,24
920,384,-7
943,369,-16
944,361,-53
929,338,-63
921,300,-71
920,268,-44
927,271,-40
935,299,27
929,330,92
928,342,98
928,369,152
922,394,210
908,412,236
887,427,280
874,460,341
877,494,338
885,509,354
883,507,368
880,494,368
885,498,378
893,509,370
900,521,333
891,502,286
892,451,264
920,404,200
928,372,109
913,371,69
911,384,52
917,381,41
912,395,-3
915,387,-59
920,316,-116
920,301,-194
925,304,-145
936,273,-147
938,263,-230
942,314,-155
932,278,-204
922,213,-262
925,151,-251
911,44,-220
905,-9,-179
916,-8,-205
940,48,-51
968,120,-53
964,258,110
927,364,166
911,416,144
897,406,146
920,327,202
904,233,374
850,232,508
863,392,710
857,601,631
834,682,529
853,617,434
856,461,389
870,351,404
892,303,355
903,309,383
904,382,392
929,450,373
924,494,326
891,528,312
857,496,306
859,469,304
880,410,261
883,405,161
880,406,95
895,370,11
904,323,-46
913,313,-61
947,324,-64
964,337,-17
948,282,-26
932,200,-112
916,99,-198
911,5,-259
927,-12,-237
939,-33,-212
947,-53,-237
952,-24,-211
952,51,-167
955,137,-141
960,205,-104
960,265,-79
958,313,-85
946,334,-54
930,330,-44
932,334,-7
920,328,93
923,335,153
935,371,208
924,391,286
903,435,270
894,453,255
881,420,257
887,377,351
872,392,337
880,392,353
880,384,392
856,400,464
856,400,464
872,408,386
872,378,399
887,354,355
895,323,381
896,327,391
917,328,399
920,328,380
913,315,396
899,305,393
896,298,367
890,302,372
894,298,358
890,290,387
894,288,394
890,271,414
888,269,408
893,267,405
886,259,393
885,261,404
893,264,416
891,259,416
888,256,420
884,265,420
884,272,408
892,272,404
896,272,404
889,276,426
884,280,438
888,287,403
891,293,374
902,288,354
909,288,379
904,288,435
901,288,406
896,286,370
894,275,374
890,268,391
894,282,456
890,286,467
894,283,506
888,299,521
888,317,584
887,348,702
879,371,682
873,395,643
876,415,682
832,399,783
831,394,778
808,432,808
808,424,809
808,392,903
816,384,989
839,376,1030
833,354,1099
810,323,1148
751,299,1131
674,233,1100
616,176,1137
575,195,1124
509,220,1094
445,186,1152
370,170,1081
286,198,1056
264,220,1144
212,207,1233
147,245,1061
74,296,992
16,317,911
-46,295,844
-97,295,758
-160,366,688
-238,417,704
-303,348,701
-363,288,654
-434,338,586
-500,384,500
-536,323,429
-555,197,352
-593,124,282
-637,140,244
-666,152,177
-692,91,80
-718,23,10
-733,22,-14
-744,51,-84
-744,54,-135
-746,48,-17
-769,54,70
-826,84,174
-865,131,262
-906,178,346
-947,222,375
-960,247,343
-959,236,377
-950,216,385
-939,221,388
-958,260,356
-935,221,393
-918,174,402
-888,128,448
-872,144,440
-872,152,520
-872,152,590
-864,160,531
-871,145,550
-879,137,603
-851,157,529
-855,188,527
-836,178,542
-825,176,617
-817,189,625
-810,186,605
-796,172,656
-792,180,636
-774,196,677
-757,189,713
-746,190,737
-739,197,728
-720,195,704
-707,177,711
-689,178,740
-675,213,747
-663,218,781
-656,177,799
-656,178,788
-652,233,780
-648,236,784
-629,177,811
-612,162,828
-612,202,810
-601,214,816
-582,171,845
-556,134,837
-536,167,823
-531,205,838
-515,187,904
-506,165,930
-505,187,941
-488,222,912
-486,230,930
-478,195,980
-470,181,953
-461,206,902
-447,232,927
-439,227,925
-429,198,950
-407,187,938
-399,210,954
-382,229,974
-352,192,946
-343,200,976
-320,184,976
-312,224,960
-296,240,929
-273,194,958
-257,155,982
-234,203,940
-225,251,915
-196,193,989
-172,150,1007
-155,191,1008
-145,246,1015
-131,250,1029
-103,192,1051
-84,194,1026
-80,259,981
-63,269,957
-39,258,941
0,224,936
27,240,962
47,297,1001
76,300,1016
93,298,1030
115,267,1072
141,271,1069
148,348,988
144,375,982
184,268,1020
224,230,993
220,329,950
230,362,935
268,304,968
309,254,1003
325,304,987
317,397,917
309,462,823
312,405,814
377,191,896
474,192,854
444,464,915
462,523,890
491,392,936
533,276,969
545,380,868
512,496,813
514,440,801
535,334,804
585,279,778
591,407,789
586,478,756
609,444,707
625,360,766
648,368,696
648,456,616
671,472,554
680,434,567
725,320,665
764,400,584
732,522,555
763,515,587
782,444,619
791,405,584
785,446,563
778,481,554
782,463,546
784,462,508
778,440,496
805,415,496
822,447,440
819,496,438
816,517,395
821,510,378
834,499,364
845,510,371
843,548,347
836,572,302
828,537,301
836,500,250
864,504,176
888,524,137
892,525,108
892,484,72
899,421,19
901,371,-13
902,340,-44
929,311,-90
957,299,-131
955,301,-133
958,291,-160
952,280,-149
952,272,-128
948,246,-164
938,240,-198
944,238,-182
943,231,-144
939,221,-148
953,208,-164
959,203,-150
952,168,-188
952,166,-152
952,143,-152
953,135,-154
968,112,-198
976,112,-144
968,128,-176
976,97,-215
976,73,-178
976,57,-154
976,41,-174
983,26,-140
977,31,-199
976,5,-160
989,-27,-139
985,-6,-110
965,0,-110
966,-6,-131
974,-14,-142
982,-34,-150
990,-57,-141
986,-53,-130
984,-37,-123
984,-37,-141
984,-35,-137
984,-27,-123
979,-19,-115
971,-21,-112
968,-33,-116
972,-40,-120
980,-32,-116
980,-4,-120
980,8,-128
988,-4,-124
988,-12,-106
981,-19,-81
982,-18,-85
992,-11,-95
989,-19,-80
989,-21,-77
997,-19,-82
990,-24,-102
984,-29,-98
986,-48,-93
990,-74,-62
988,-76,-67
1000,-64,-96
1000,-63,-68
1000,-56,-92
1000,-60,-117
1001,-77,-142
1006,-56,-127
991,-56,-118
985,-57,-97
992,-70,-114
984,-31,-142
984,8,-88
992,-16,-104
992,-16,-104
1000,7,-65
1000,-30,-171
1022,-10,-191
1017,58,-97
1009,50,-59
1008,13,-98
994,-19,-124
979,16,-115
989,17,-86
986,10,-99
984,-4,-92
984,-38,-118
984,-72,-140
995,-28,-110
994,20,-102
992,37,-131
976,19,-165
973,-7,-135
976,-6,-107
981,10,-109
979,39,-135
985,47,-152
992,36,-174
992,40,-150
988,68,-112
984,88,-162
980,73,-209
976,52,-172
973,55,-136
968,70,-149
974,83,-177
978,97,-169
965,107,-142
963,91,-171
970,73,-181
976,63,-178
974,88,-133
968,120,-114
968,148,-135
968,163,-109
968,179,-124
968,195,-101
967,208,-93
959,207,-119
949,201,-115
929,210,-134
937,233,-110
944,240,-89
952,240,-104
960,240,-112
952,240,-64
944,232,-103
952,255,-112
937,263,-75
943,257,-72
958,263,-72
960,285,-65
953,281,-98
945,293,-104
957,283,-71
960,293,-83
960,308,-45
954,306,-38
946,298,-40
938,307,-40
936,312,-18
936,323,-13
941,323,-11
939,320,2
941,320,13
944,320,54
944,329,57
944,340,62
940,353,58
932,360,52
932,356,44
932,352,32
928,348,47
932,340,67
939,329,83
944,323,88
941,346,94
936,376,92
939,371,91
941,355,138
934,349,158
935,362,163
950,370,196
940,382,210
926,405,216
922,419,203
927,399,151
919,385,149
911,352,172
906,351,157
920,346,192
920,360,190
920,359,166
920,352,148
928,344,224
912,344,216
896,288,400
888,296,408
888,296,416
903,296,453
882,281,434
894,280,411
882,301,387
880,297,404
880,303,401
880,311,387
880,318,416
874,314,405
872,312,406
866,318,408
875,314,397
886,312,403
883,312,403
880,307,405
880,304,408
880,309,423
880,307,427
885,304,415
888,304,404
884,295,404
880,288,408
884,296,392
888,300,388
892,300,400
896,300,407
889,296,372
880,296,347
880,296,400
880,296,400
877,296,411
869,291,429
866,273,426
877,254,441
886,248,481
886,252,526
902,266,533
899,279,596
912,307,685
912,329,741
912,388,726
911,458,728
903,470,852
897,455,950
912,439,930
911,434,967
887,472,1100
856,487,1233
816,369,1375
793,290,1407
708,349,1393
592,427,1407
562,323,1408
524,169,1337
464,201,1370
401,297,1212
332,272,1131
307,179,1042
266,96,948
213,117,897
158,207,888
85,244,917
7,214,831
-77,206,753
-164,235,639
-234,274,429
-287,278,196
-348,242,-66
-395,219,-339
-436,207,-499
-483,133,-505
-530,102,-394
-573,153,-187
-640,204,-12
-719,228,113
-778,228,199
-843,238,215
-891,256,231
-899,246,253
-907,220,296
-915,206,339
-917,219,380
-917,214,443
-926,187,437
-920,171,453
-922,164,468
-922,174,480
-899,163,505
-878,146,589
-872,156,561
-864,176,503
-822,169,541
-808,127,565
-805,121,553
-784,126,630
-781,104,608
-744,106,608
-736,144,610
-720,136,688
-696,96,696
-696,96,696
-680,127,665
-665,181,702
-627,191,779
-617,156,791
-573,95,821
-554,200,845
-545,318,800
-517,189,872
-453,69,927
-453,175,930
-437,258,922
-408,218,962
-365,129,1064
-335,121,1067
-328,206,1017
-328,278,1016
-312,207,1029
-284,119,1078
-277,170,1040
-261,269,943
-239,253,973
-196,122,1046
-155,117,1042
-132,218,974
-116,272,940
-100,215,1006
-59,99,1060
-28,123,1035
-19,228,1005
13,217,1029
50,123,1106
92,79,1148
112,145,1092
115,227,1029
130,193,1050
166,97,1061
200,103,1040
194,188,1035
181,239,953
213,185,999
274,99,1057
317,135,1044
310,247,951
346,234,992
364,185,996
401,132,1030
416,180,1006
416,240,982
416,247,937
408,207,960
440,145,984
432,214,906
440,262,904
470,219,941
479,201,893
487,200,924
509,207,921
526,228,852
528,252,807
548,223,852
584,197,870
592,229,804
592,252,772
586,244,821
624,217,834
651,230,810
661,267,751
659,285,739
666,263,790
677,228,806
675,254,747
677,289,693
684,283,711
701,246,753
716,249,726
712,296,672
712,316,671
724,297,699
732,284,708
743,301,667
755,326,593
766,327,575
785,300,615
800,280,621
792,296,574
774,335,542
773,343,529
780,322,541
766,338,518
760,363,527
760,347,494
757,361,492
745,365,515
751,351,528
747,347,522
771,369,483
792,373,507
794,346,534
818,377,512
849,392,512
896,400,504
912,352,480
912,336,480
882,374,404
850,361,437
848,316,411
869,262,401
886,249,456
902,316,457
891,421,483
881,492,501
880,415,421
855,305,388
866,310,360
890,367,376
902,418,401
910,465,397
901,469,365
901,396,326
894,314,230
868,278,204
870,305,254
889,356,266
905,389,229
912,391,191
912,376,155
916,364,136
920,368,151
931,376,142
958,372,105
979,365,96
984,357,93
984,355,100
993,363,91
1003,363,45
984,347,28
961,341,-15
944,352,19
946,346,-9
954,324,-54
958,301,-61
952,256,-112
952,227,-131
953,233,-77
961,196,-108
969,183,-117
976,225,-50
975,166,-140
960,146,-174
959,169,-149
944,182,-97
936,120,-144
960,112,-136
944,81,-159
967,80,-137
990,73,-99
992,50,-125
978,12,-142
990,-20,-172
978,-44,-162
976,-41,-160
976,-47,-147
976,-73,-176
970,-86,-165
968,-70,-178
962,-52,-213
954,-37,-161
963,-65,-69
979,-64,-45
973,-45,-122
988,-40,-160
1000,-20,-130
995,-37,-83
983,-79,-96
985,-92,-89
996,-75,-81
996,-72,-96
992,-84,-92
988,-76,-100
984,-64,-116
984,-53,-138
977,-37,-147
971,-42,-131
976,-53,-145
976,-48,-151
976,-48,-147
973,-45,-152
970,-38,-120
976,-25,-122
978,-8,-134
984,-10,-146
984,-20,-123
984,-34,-109
981,-47,-127
971,-73,-121
984,-39,-130
984,-32,-139
985,-31,-104
992,-23,-108
993,-20,-141
1000,-81,-103
992,-92,-78
992,56,-24
1000,-8,-120
1000,-8,-120
1016,-55,-112
1039,-10,-158
988,67,-115
991,43,-119
985,-10,-56
991,61,-41
978,45,-129
969,13,-144
975,-51,-151
970,-83,-120
987,-7,-44
962,4,-103
976,-82,-169
995,-169,-161
1000,-81,-85
995,0,-110
981,-5,-173
981,-36,-177
984,16,-119
989,133,-107
978,152,-152
968,115,-172
968,104,-129
968,133,-84
972,180,-112
976,185,-160
980,139,-172
984,108,-151
987,119,-140
989,112,-178
981,85,-174
979,68,-179
987,56,-218
992,82,-163
990,111,-138
982,135,-133
974,165,-110
966,194,-138
958,178,-155
950,194,-105
943,238,-81
937,267,-89
944,279,-101
944,272,-122
944,272,-78
944,273,-64
944,287,-67
944,279,-113
952,254,-128
936,193,-128
944,247,-88
936,302,-57
928,304,-48
928,326,-33
935,357,-83
936,367,-88
929,368,-74
928,341,-72
935,336,-72
936,356,-65
936,366,-45
930,362,-46
928,354,-36
922,317,-38
914,344,-46
912,366,-37
912,379,-16
912,384,-24
912,374,-32
917,368,3
920,382,34
906,406,40
905,407,40
908,400,36
904,404,28
904,408,36
912,408,48
916,404,55
916,393,64
917,381,81
918,379,114
922,384,137
912,384,158
904,384,152
891,384,125
898,377,141
906,362,159
910,370,178
904,370,194
904,348,235
897,338,285
872,351,343
873,389,361
880,415,286
880,407,278
881,397,332
888,375,429
887,360,396
873,360,344
888,368,344
896,352,352
904,352,344
904,360,360
896,352,390
911,315,459
912,283,508
919,316,362
920,334,267
900,356,283
876,327,401
865,327,417
896,366,333
904,370,238
892,356,282
894,323,351
896,346,351
902,349,305
904,339,358
904,310,434
899,301,425
896,314,359
891,310,342
888,290,398
892,280,414
905,284,383
920,284,372
916,284,388
900,292,412
900,296,413
904,300,372
907,304,356
912,304,390
909,301,394
904,296,390
907,299,375
909,307,341
902,307,383
896,296,414
896,296,389
898,292,346
902,280,383
896,280,406
897,280,391
904,283,355
905,295,372
912,287,393
911,281,396
904,289,359
904,297,354
904,303,386
904,288,423
904,288,384
904,304,392
904,304,400
904,296,400
904,296,407
897,281,386
889,287,434
888,281,517
874,266,501
885,271,443
888,305,452
882,280,628
892,235,722
866,284,633
832,357,500
818,382,722
838,295,1069
908,256,554
820,435,645
770,365,1118
850,168,1292
925,243,1199
921,415,1313
908,378,1511
908,257,1396
821,287,1239
696,336,1248
602,308,1234
511,285,1151
436,251,1136
373,254,1149
304,309,1112
241,285,1048
196,158,909
133,70,832
67,114,787
18,169,743
-55,194,697
-129,152,691
-194,134,689
-264,157,594
-333,179,598
-396,195,562
-457,219,397
-511,273,177
-556,282,-124
-587,279,-326
-604,128,-436
-570,44,-399
-594,104,-379
-642,102,-126
-696,48,200
-816,80,448
-917,119,487
-988,173,496
-1029,191,541
-1047,214,449
-1012,216,419
-973,174,416
-934,168,436
-908,161,373
-871,108,464
-845,96,564
-840,96,547
-822,72,548
-792,64,640
-784,93,683
-790,143,649
-792,133,654
-787,99,653
-784,73,653
-764,94,686
-757,141,718
-751,123,705
-731,69,688
-716,83,697
-695,124,687
-672,108,680
-652,61,711
-633,47,758
-617,81,777
-598,125,761
-578,128,797
-562,86,888
-543,79,922
-528,131,917
-523,136,933
-505,92,963
-493,82,1003
-502,145,986
-496,182,978
-485,136,1006
-448,87,997
-445,124,981
-429,183,961
-415,205,946
-401,132,1042
-352,60,991
-349,164,920
-319,206,923
-302,170,962
-272,57,992
-272,97,984
-272,159,976
-256,144,999
-241,83,1068
-210,28,1042
-215,97,1018
-209,140,1002
-180,81,1084
-156,58,1076
-145,116,1025
-137,161,977
-117,111,1032
-93,84,1048
-88,122,1006
-70,177,968
-58,152,1040
-23,80,1072
3,94,1045
13,133,990
16,129,973
31,90,1006
50,91,1024
70,109,1015
84,130,995
92,118,1036
113,75,1063
136,88,1052
148,132,1048
159,140,1022
172,115,1028
183,88,1054
195,114,1014
203,164,952
220,155,944
254,104,1003
283,130,1003
298,177,999
327,149,1011
346,128,1011
358,148,1018
378,145,963
384,179,990
384,191,952
388,177,948
409,148,934
418,167,966
435,164,954
457,201,964
466,206,926
488,175,904
496,153,904
512,184,896
512,240,816
512,240,816
520,209,940
566,140,936
553,211,861
559,260,834
567,214,853
582,180,828
584,224,804
591,265,773
599,265,755
619,226,784
636,241,780
646,296,770
654,324,727
679,276,741
694,250,730
701,286,671
693,320,622
708,292,664
735,272,671
749,301,618
752,311,620
752,282,644
769,264,639
788,285,611
792,312,588
800,301,588
819,280,592
832,294,557
835,329,522
843,329,546
848,293,548
848,311,502
845,349,492
845,334,534
854,319,482
855,341,483
872,358,455
874,372,416
876,356,420
866,346,354
871,362,360
865,401,348
876,364,287
899,342,282
920,331,297
919,353,303
905,367,293
912,352,256
920,352,258
920,352,320
904,344,328
912,344,250
897,374,218
911,354,246
919,352,263
906,373,285
918,425,211
906,418,159
917,423,172
927,450,163
922,412,179
920,406,165
914,426,166
912,456,162
906,458,183
915,428,136
931,373,90
941,320,54
939,314,40
936,320,20
941,310,-2
944,285,-36
944,250,-74
944,236,-110
936,244,-120
936,240,-116
948,228,-116
956,231,-112
960,236,-123
960,232,-133
957,229,-138
955,224,-158
963,227,-148
971,232,-128
973,232,-168
968,222,-189
966,193,-200
958,180,-187
952,202,-134
952,219,-107
954,166,-210
959,127,-235
949,125,-175
937,156,-159
946,173,-116
960,150,-203
960,135,-223
959,121,-202
952,128,-123
952,120,-177
960,104,-224
960,96,-216
968,80,-208
945,80,-193
951,125,-170
952,106,-197
959,54,-221
960,48,-231
960,68,-232
960,39,-225
967,45,-211
962,35,-214
966,26,-216
968,36,-204
986,16,-229
958,14,-229
944,10,-213
944,3,-181
949,-11,-210
942,-21,-268
946,-24,-263
942,-29,-243
950,-32,-240
960,-36,-236
956,-49,-232
948,-39,-211
948,-28,-196
956,-32,-215
960,-32,-214
964,-14,-178
968,11,-184
965,3,-213
966,-19,-202
976,-30,-192
973,-48,-187
968,-67,-184
968,-72,-202
966,-77,-210
966,-82,-203
982,-68,-172
972,-80,-182
957,-80,-176
947,-80,-175
961,-73,-168
968,-38,-164
970,-27,-144
985,-49,-145
992,-58,-154
991,-81,-174
984,-90,-151
976,-120,-129
984,-120,-152
968,-96,-160
968,-119,-168
953,-90,-183
959,-110,-199
960,-148,-171
981,-166,-182
963,-28,-128
974,-56,-188
969,-191,-227
988,-47,-95
986,68,-115
972,-11,-202
974,-52,-176
976,20,-178
965,14,-195
977,33,-144
946,32,-201
954,-8,-272
963,-39,-217
960,-23,-151
950,-32,-189
953,-71,-229
973,-48,-169
971,-3,-133
964,4,-181
960,-16,-240
960,-36,-237
964,-29,-193
964,30,-172
965,95,-171
957,104,-179
952,98,-202
952,79,-223
955,69,-208
960,88,-211
960,109,-211
960,125,-200
960,138,-194
958,148,-186
952,165,-209
952,186,-191
955,191,-207
965,180,-176
953,162,-214
961,178,-200
967,191,-199
959,183,-190
951,175,-171
945,162,-207
960,201,-183
960,232,-160